Lmod Warning:
-------------------------------------------------------------------------------
The following dependent module(s) are not currently loaded: OpenSSL/1.1
(required by: libevent/2.1.12-GCCcore-11.3.0)
-------------------------------------------------------------------------------



GPU available? True
555.42.06
Python 3.10.4
/home/tpelletreaudur/.local/lib/python3.10/site-packages/torch_geometric/deprecation.py:26: UserWarning: 'data.DataLoader' is deprecated, use 'loader.DataLoader' instead
  warnings.warn(out)
GPU available? True
Data(x=[116, 116], edge_index=[2, 1294], edge_attr=[1294, 1], y=[1])
['y', 'x', 'edge_index', 'edge_attr']
ValuesView({'x': tensor([[ 0.0000,  0.2857,  0.0804,  ...,  0.2032,  0.1674,  0.0906],
        [ 0.2857,  0.0000, -0.3860,  ...,  0.1637, -0.0359,  0.1674],
        [ 0.0804, -0.3860,  0.0000,  ..., -0.0175, -0.0309,  0.0296],
        ...,
        [ 0.2032,  0.1637, -0.0175,  ...,  0.0000,  0.2329, -0.1452],
        [ 0.1674, -0.0359, -0.0309,  ...,  0.2329,  0.0000,  0.0183],
        [ 0.0906,  0.1674,  0.0296,  ..., -0.1452,  0.0183,  0.0000]]), 'edge_index': tensor([[  0,   0,   0,  ..., 113, 113, 114],
        [ 10,  12,  14,  ..., 111, 112, 108]]), 'edge_attr': tensor([[0.7785],
        [0.6966],
        [0.5463],
        ...,
        [0.6415],
        [0.4745],
        [0.5401]]), 'y': tensor([0])})
Number of samples: 1604
Net(
  (conv_layers): ModuleList(
    (0): GCNConv(116, 128)
    (1): GCNConv(128, 128)
    (2): GCNConv(128, 128)
    (3): GCNConv(128, 128)
    (4): GCNConv(128, 128)
  )
  (batch_norms): ModuleList(
    (0): BatchNorm(128)
    (1): BatchNorm(128)
    (2): BatchNorm(128)
    (3): BatchNorm(128)
    (4): BatchNorm(128)
  )
  (lin1): Linear(128, 128, bias=True)
  (lin2): Linear(128, 2, bias=True)
  (bn1): BatchNorm(128)
  (bn2): BatchNorm(2)
)
tensor([1365,  984, 1017,  ...,  260,  678,   83])
Test Loss: 0.649, Train Acc: 1.000 Test Acc: 0.605
Traceback (most recent call last):
  File "/gpfs/home3/tpelletreaudur/Probing-GNN-representations/FC_probing_GCN_MDD.py", line 167, in <module>
    print(len(train_properties))
NameError: name 'train_properties' is not defined

JOB STATISTICS
==============
Job ID: 7674402
Cluster: snellius
User/Group: tpelletreaudur/tpelletreaudur
State: RUNNING
Nodes: 1
Cores per node: 18
CPU Utilized: 00:00:01
CPU Efficiency: 0.20% of 00:08:24 core-walltime
Job Wall-clock time: 00:00:28
Memory Utilized: 2.64 MB
Memory Efficiency: 0.00% of 120.00 GB
WARNING: Efficiency statistics may be misleading for RUNNING jobs.
